// Generated by scripts/generate-blue-noise.py.
[
    174, 673, 462, 108, 786, 981, 410, 754, 583, 12, 335, 878, 783, 302, 546, 841, 970, 315, 808, 884, 600, 75, 857, 134, 938, 262, 801, 23, 958, 559, 228, 1011,
    512, 278, 883, 364, 234, 681, 333, 166, 456, 1005, 706, 566, 222, 664, 442, 3, 594, 132, 530, 43, 271, 513, 393, 707, 548, 95, 898, 475, 733, 294, 103, 631,
    916, 18, 752, 558, 945, 47, 602, 930, 789, 240, 394, 62, 966, 123, 914, 725, 212, 773, 407, 920, 723, 1007, 189, 792, 312, 416, 614, 204, 377, 851, 457, 795,
    200, 422, 652, 142, 489, 846, 289, 85, 531, 137, 886, 509, 746, 413, 277, 511, 363, 984, 628, 149, 337, 642, 459, 7, 979, 689, 844, 69, 983, 581, 49, 342,
    529, 969, 316, 807, 217, 419, 740, 668, 351, 815, 630, 314, 193, 606, 799, 54, 855, 90, 481, 230, 804, 87, 899, 587, 237, 135, 522, 284, 663, 160, 937, 739,
    110, 850, 70, 591, 1020, 26, 892, 202, 993, 432, 22, 951, 840, 113, 1009, 549, 671, 305, 712, 872, 542, 418, 281, 825, 496, 919, 727, 401, 785, 492, 246, 678,
    598, 274, 455, 700, 340, 554, 470, 128, 568, 730, 261, 479, 687, 344, 435, 250, 161, 950, 383, 61, 988, 684, 165, 717, 350, 73, 199, 1000, 16, 331, 821, 409,
    182, 985, 781, 162, 917, 243, 839, 651, 307, 78, 912, 178, 565, 40, 722, 906, 622, 780, 518, 190, 603, 329, 31, 974, 624, 465, 869, 555, 637, 949, 88, 897,
    327, 501, 8, 398, 633, 84, 755, 378, 973, 793, 608, 332, 772, 978, 503, 109, 402, 15, 279, 828, 448, 923, 779, 430, 231, 764, 310, 116, 379, 219, 540, 654,
    871, 738, 573, 954, 293, 880, 447, 30, 215, 498, 397, 881, 146, 242, 843, 325, 877, 572, 1013, 728, 80, 251, 537, 145, 893, 51, 670, 838, 716, 453, 778, 50,
    421, 129, 223, 800, 487, 122, 560, 675, 903, 131, 711, 17, 669, 429, 634, 183, 708, 469, 136, 366, 617, 882, 699, 376, 584, 1022, 494, 249, 902, 151, 964, 268,
    704, 1010, 358, 662, 179, 729, 1002, 330, 817, 264, 556, 1018, 317, 810, 544, 55, 948, 248, 674, 936, 197, 463, 1, 845, 313, 188, 415, 605, 25, 356, 506, 593,
    65, 483, 836, 37, 928, 382, 229, 99, 616, 433, 922, 187, 490, 82, 975, 360, 767, 424, 36, 532, 796, 290, 971, 130, 650, 813, 94, 762, 991, 661, 820, 196,
    766, 618, 255, 436, 547, 635, 833, 510, 758, 59, 354, 720, 852, 259, 690, 203, 578, 826, 891, 348, 98, 590, 718, 504, 387, 953, 545, 285, 450, 107, 309, 942,
    144, 326, 977, 105, 876, 283, 2, 963, 201, 864, 569, 111, 611, 405, 910, 467, 89, 301, 167, 638, 997, 426, 192, 787, 252, 33, 705, 887, 208, 858, 534, 403,
    874, 564, 791, 680, 172, 749, 464, 371, 646, 297, 471, 995, 170, 794, 11, 648, 1004, 714, 491, 756, 244, 831, 63, 621, 913, 484, 341, 126, 609, 742, 6, 676,
    451, 48, 221, 500, 355, 996, 576, 117, 894, 703, 34, 750, 280, 527, 346, 842, 141, 404, 947, 21, 367, 551, 957, 308, 153, 824, 672, 959, 474, 368, 1015, 253,
    715, 961, 391, 901, 81, 666, 233, 798, 441, 186, 944, 396, 636, 927, 206, 596, 286, 553, 209, 615, 896, 127, 454, 735, 385, 579, 218, 67, 282, 797, 180, 585,
    321, 138, 768, 550, 819, 311, 929, 56, 541, 269, 588, 124, 809, 57, 445, 774, 915, 72, 865, 439, 710, 266, 657, 854, 10, 986, 446, 724, 885, 520, 74, 921,
    485, 660, 265, 19, 458, 164, 619, 352, 1016, 761, 868, 362, 499, 982, 683, 115, 386, 641, 760, 318, 44, 1003, 194, 516, 118, 777, 334, 567, 155, 653, 400, 832,
    91, 867, 607, 1006, 736, 859, 425, 702, 140, 468, 24, 694, 238, 158, 320, 525, 1021, 260, 159, 502, 814, 586, 369, 924, 629, 258, 909, 46, 998, 304, 751, 232,
    980, 411, 150, 359, 236, 561, 41, 888, 227, 659, 322, 955, 827, 612, 879, 734, 4, 823, 574, 940, 395, 112, 790, 296, 143, 493, 691, 406, 816, 473, 14, 563,
    292, 784, 497, 697, 83, 956, 291, 776, 580, 926, 92, 428, 533, 52, 408, 210, 478, 353, 692, 66, 247, 965, 643, 437, 747, 860, 104, 225, 599, 175, 941, 677,
    198, 35, 932, 595, 803, 414, 523, 171, 381, 488, 806, 191, 753, 295, 972, 644, 925, 100, 856, 443, 731, 521, 27, 207, 1014, 372, 535, 968, 763, 347, 848, 427,
    905, 726, 328, 216, 133, 875, 679, 1001, 9, 640, 270, 992, 592, 106, 788, 147, 552, 273, 625, 169, 895, 288, 837, 696, 575, 42, 287, 658, 68, 507, 121, 627,
    97, 392, 557, 990, 476, 272, 76, 343, 745, 904, 114, 370, 709, 495, 345, 863, 417, 748, 976, 338, 571, 120, 460, 336, 152, 935, 805, 420, 911, 275, 741, 538,
    239, 861, 655, 53, 757, 610, 834, 461, 213, 526, 853, 449, 45, 939, 245, 686, 20, 205, 480, 58, 782, 989, 649, 866, 759, 486, 220, 582, 173, 862, 339, 1023,
    802, 452, 157, 300, 890, 375, 176, 962, 626, 306, 156, 656, 829, 184, 601, 999, 536, 818, 900, 698, 399, 214, 5, 257, 388, 77, 721, 987, 13, 665, 482, 60,
    361, 713, 934, 517, 688, 101, 562, 771, 32, 719, 1019, 543, 323, 770, 423, 119, 299, 380, 139, 267, 514, 620, 943, 539, 907, 632, 298, 524, 384, 822, 195, 623,
    125, 577, 226, 0, 1008, 444, 256, 873, 357, 431, 96, 235, 918, 28, 505, 889, 775, 570, 645, 1017, 835, 93, 324, 701, 168, 440, 847, 102, 933, 263, 744, 967,
    303, 849, 412, 737, 319, 830, 647, 148, 519, 946, 811, 613, 389, 732, 639, 254, 86, 931, 29, 438, 177, 743, 466, 812, 39, 1012, 211, 765, 604, 434, 38, 528,
    769, 71, 952, 597, 185, 508, 64, 908, 276, 682, 181, 477, 79, 994, 163, 373, 695, 472, 224, 685, 365, 960, 241, 589, 374, 667, 515, 349, 154, 693, 870, 390,
]
